0.0037500010803341866
0.0037500010803341866
0.004875001031905413
0.0037500010803341866
0.0037500010803341866
0.006875000894069672
0.009375001303851604
0.0037500010803341866
0.016875000670552254
0.004875001031905413
0.004875001031905413
0.004375000949949026
0.006875000894069672
0.004875001031905413
0.004375000949949026
0.0037500010803341866
0.004375000949949026
0.009375001303851604
0.0037500010803341866
0.005142858251929283
0.004875001031905413
0.004875001031905413
0.004017858300358057
0.006875000894069672
1.0018750429153442
0.0056250011548399925
1.0018750429153442
0.005892858374863863
0.00428571505472064
0.016875000670552254
0.0037500010803341866
0.004017858300358057
1.0018750429153442
0.0037500010803341866
0.016875000670552254
0.0037500010803341866
0.004017858300358057
0.0037500010803341866
1.0018750429153442
0.016875000670552254
0.0037500010803341866
0.0037500010803341866
0.0037500010803341866
0.004017858300358057
0.0037500010803341866
0.0037500010803341866
0.0037500010803341866
0.0037500010803341866
0.0037500010803341866
0.0056250011548399925
0.004017858300358057
0.004017858300358057
0.016875000670552254
0.006875000894069672
0.0037500010803341866
0.0037500010803341866
0.010500000789761543
0.0056250011548399925
0.0037500010803341866
0.004017858300358057
0.0037500010803341866
0.004017858300358057
0.0037500010803341866
0.004375000949949026
0.004875001031905413
0.016875000670552254
0.006875000894069672
0.0037500010803341866
0.0056250011548399925
0.004375000949949026
0.0037500010803341866
0.004375000949949026
0.004375000949949026
0.0037500010803341866
0.004642858169972897
0.0037500010803341866
0.004017858300358057
0.0037500010803341866
0.0037500010803341866
0.004375000949949026
0.0037500010803341866
0.0056250011548399925
0.0037500010803341866
0.004017858300358057
0.0037500010803341866
0.004017858300358057
0.0037500010803341866
0.0037500010803341866
0.0037500010803341866
0.0037500010803341866
0.006875000894069672
0.0056250011548399925
0.004375000949949026
0.0037500010803341866
0.004017858300358057
0.0056250011548399925
0.004017858300358057
0.0037500010803341866
0.0037500010803341866
0.004375000949949026
0.0037500010803341866
0.0037500010803341866
0.004017858300358057
0.0037500010803341866
0.0037500010803341866
0.0037500010803341866
0.0037500010803341866
0.016875000670552254
0.0037500010803341866
0.016875000670552254
1.0018750429153442
0.020000001415610313
0.005892858374863863
0.004017858300358057
0.0037500010803341866
0.0037500010803341866
0.0037500010803341866
0.009375001303851604
0.017500000074505806
0.0037500010803341866
0.006875000894069672
0.009642858058214188
0.0056250011548399925
0.005000000819563866
0.0056250011548399925
0.0056250011548399925
0.004875001031905413
0.004375000949949026
0.006875000894069672
0.004875001031905413
0.0037500010803341866
0.0037500010803341866
0.0037500010803341866
0.004017858300358057
0.0037500010803341866
0.004017858300358057
0.0037500010803341866
0.01875000074505806
0.004017858300358057
0.0037500010803341866
0.0037500010803341866
0.0037500010803341866
0.0037500010803341866
1.0018750429153442
0.01714285835623741
0.0037500010803341866
0.0056250011548399925
0.0037500010803341866
0.009375001303851604
0.004875001031905413
0.0037500010803341866
0.0037500010803341866
1.0021429061889648
0.0075000012293457985
0.004017858300358057
0.009375001303851604
0.009375001303851604
0.009375001303851604
0.0037500010803341866
0.004375000949949026
0.0037500010803341866
0.004017858300358057
0.0037500010803341866
0.0037500010803341866
0.0037500010803341866
0.0037500010803341866
0.0037500010803341866
0.004017858300358057
0.0037500010803341866
0.0037500010803341866
0.0037500010803341866
0.0037500010803341866
0.004375000949949026
0.004017858300358057
0.0037500010803341866
0.004375000949949026
0.004017858300358057
0.004017858300358057
0.004017858300358057
0.0037500010803341866
0.0037500010803341866
0.0037500010803341866
0.004875001031905413
0.0037500010803341866
0.004875001031905413
0.0037500010803341866
0.0037500010803341866
0.009375001303851604
0.00428571505472064
0.004375000949949026
0.0056250011548399925
0.0037500010803341866
0.004017858300358057
0.004017858300358057
0.009375001303851604
0.016875000670552254
0.0056250011548399925
0.004875001031905413
0.0037500010803341866
0.004375000949949026
0.0037500010803341866
0.0037500010803341866
0.0037500010803341866
0.004017858300358057
0.004017858300358057
0.0037500010803341866
0.0037500010803341866
0.0037500010803341866
0.0037500010803341866
0.0037500010803341866
0.0037500010803341866
0.0037500010803341866
0.0037500010803341866
0.0037500010803341866
0.0037500010803341866
0.004375000949949026
0.004017858300358057
0.010000000707805157
0.0037500010803341866
0.004017858300358057
0.0075000012293457985
0.0037500010803341866
0.006250001024454832
0.0056250011548399925
0.0056250011548399925
0.0056250011548399925
0.006875000894069672
0.0056250011548399925
0.0056250011548399925
0.0056250011548399925
0.0056250011548399925
0.004875001031905413
0.004375000949949026
0.0056250011548399925
0.004875001031905413
0.004875001031905413
0.004375000949949026
0.004875001031905413
0.004875001031905413
0.0056250011548399925
0.006875000894069672
0.004875001031905413
0.004375000949949026
0.0056250011548399925
0.004375000949949026
0.0056250011548399925
0.004017858300358057
0.0056250011548399925
0.004875001031905413
0.0056250011548399925
0.004875001031905413
0.0056250011548399925
0.004875001031905413
0.0037500010803341866
0.004875001031905413
0.0056250011548399925
0.004017858300358057
0.004875001031905413
0.004875001031905413
0.0056250011548399925
0.004875001031905413
0.004875001031905413
0.0037500010803341866
0.016875000670552254
0.016875000670552254
0.006875000894069672
0.016875000670552254
0.009642858058214188
0.006875000894069672
0.006875000894069672
0.0037500010803341866
0.0037500010803341866
0.004017858300358057
0.004017858300358057
0.0037500010803341866
0.00428571505472064
0.004017858300358057
0.0037500010803341866
0.004875001031905413
0.004875001031905413
0.0056250011548399925
0.006875000894069672
0.006875000894069672
0.006875000894069672
0.0056250011548399925
0.009375001303851604
0.006875000894069672
1.0018750429153442
0.009375001303851604
0.006875000894069672
1.0018750429153442
0.004875001031905413
0.016875000670552254
0.0037500010803341866
0.0037500010803341866
0.0037500010803341866
0.004875001031905413
0.0056250011548399925
1.0018750429153442
0.004642858169972897
0.016875000670552254
0.004017858300358057
0.006875000894069672
0.016875000670552254
0.009642858058214188
0.0056250011548399925
0.0056250011548399925
0.017500000074505806
0.004017858300358057
0.006875000894069672
0.0037500010803341866
0.0037500010803341866
0.0056250011548399925
0.01875000074505806
0.009375001303851604
0.0037500010803341866
0.009375001303851604
0.016875000670552254
1.0018750429153442
0.009375001303851604
0.009375001303851604
0.009375001303851604
0.016875000670552254
0.009375001303851604
0.016875000670552254
0.006875000894069672
0.004875001031905413
0.004875001031905413
0.0037500010803341866
0.006250001024454832
0.0056250011548399925
0.004017858300358057
0.004375000949949026
0.004375000949949026
0.004875001031905413
0.0037500010803341866
0.008750000968575478
